0.418 0.892
0.778 0.970
0.284 0.130
0.836 0.870
0.451 0.809
0.683 0.953
0.154 0.860
0.045 0.224
0.896 0.979
0.305 0.393
0.821 0.692
0.831 0.555
0.065 0.498
0.040 0.331
0.964 0.292
0.364 0.190
0.333 0.501
0.643 0.916
0.546 0.866
0.687 0.773
0.375 0.370
0.845 0.173
0.691 0.153
0.217 0.893
0.345 0.406
0.097 0.922
0.833 0.802
0.233 0.901
0.579 0.275
0.706 0.029
0.256 0.336
0.965 0.760
0.747 0.672
0.435 0.802
0.186 0.084
0.434 0.179
0.903 0.423
0.280 0.643
0.722 0.369
0.983 0.283
0.711 0.244
0.714 0.221
0.927 0.588
0.618 0.514
0.015 0.964
0.657 0.917
0.506 0.303
0.555 0.984
0.266 0.467
0.998 0.982
