0.839 -0.006
0.668 0.332
1.006 0.663
0.498 -0.006
0.830 0.997
0.175 0.326
0.494 0.841
1.006 0.173
0.497 0.332
0.326 0.997
0.829 0.673
0.671 0.992
0.174 0.823
0.334 0.658
0.173 1.006
0.671 0.839
0.839 0.828
0.832 0.169
0.997 0.324
0.004 1.007
0.508 0.491
0.330 0.170
0.671 0.005
0.163 0.503
0.161 0.661
0.677 0.669
-0.002 0.010
0.665 0.172
0.506 0.167
0.669 0.498
-0.008 0.337
0.342 0.007
0.005 0.825
0.164 -0.002
0.834 0.496
0.996 0.997
0.995 0.826
0.993 0.004
0.503 0.995
0.333 0.832
-0.002 0.158
0.829 0.335
0.341 0.508
1.006 0.504
0.492 0.669
0.008 0.662
0.329 0.330
-0.008 0.497
0.162 0.163
-0.002 0.010
